1  2  3  4  5  6  7  8  9 10 11 12 13 14 14
      2  3  4  5  6  7  8  9 10 11 12 13 14
            3  4  5  6  7  8  9 10 11 12 13
            4  5  6  7  8  9 10 11 12 13 14
            5  6  7  8  9 10 11 12 13 14 14
	             6  7  8  9 10 11 12 13
	             7  8  9 10 11 12 13 14
	             8  9 10 11 12 13 14 14
		           9 10 11 12 13 14
		                10 11 12 13
		                11 12 13 14
		                12 13 14 14
			              13 14


1 2 3 4 5 6 7 8 9
  2 3 4 5 6 7 8 9
  3 4 5 6 7 8 9 9
      4 5 6 7 8 9
          5 6 7 8		      
          6 7 8 9		      
          7 8 9 9		      		      
              8 9		      
               		      
1 3 4 5 6 7
2 3 4 5 6 7
2 3 4 5 6 7
    4 5 6 7
        6 7
        6 7
        5 7

1 2 3 3
    2 3

1 2 3 4
    2 4
    3 4
    3 4